K=5;
B=0.00173;
J=0.003791;
Kp = 0.1;
Ki = 0;
Kd = 0.005;
s = tf('s');
cltf=(K*Kp)/(J*s^2+(B)