% Sample   Time     Commanded Pos   Encoder 1 Pos   Encoder 2 Pos 

data = [    0    0.000            4000               0               0;
     1    0.009            4000              12               0;
     2    0.018            4000              69               5;
     3    0.027            4000             147              23;
     4    0.035            4000             247              53;
     5    0.044            4000             380              90;
     6    0.053            4000             558             132;
     7    0.062            4000             774             181;
     8    0.071            4000            1021             241;
     9    0.080            4000            1298             311;
    10    0.089            4000            1604             391;
    11    0.097            4000            1945             478;
    12    0.106            4000            2326             570;
    13    0.115            4000            2742             671;
    14    0.124            4000            3184             781;
    15    0.133            4000            3652             901;
    16    0.142            4000            4127            1027;
    17    0.151            4000            4559            1153;
    18    0.159            4000            4949            1269;
    19    0.168            4000            5317            1365;
    20    0.177            4000            5664            1442;
    21    0.186            4000            5966            1511;
    22    0.195            4000            6206            1576;
    23    0.204            4000            6399            1631;
    24    0.213            4000            6558            1669;
    25    0.221            4000            6680            1694;
    26    0.230            4000            6754            1712;
    27    0.239            4000            6780            1721;
    28    0.248            4000            6772            1722;
    29    0.257            4000            6729            1708;
    30    0.266            4000            6643            1686;
    31    0.274            4000            6515            1656;
    32    0.283            4000            6348            1615;
    33    0.292            4000            6144            1562;
    34    0.301            4000            5901            1500;
    35    0.310            4000            5622            1428;
    36    0.319            4000            5308            1349;
    37    0.328            4000            4956            1261;
    38    0.336            4000            4566            1165;
    39    0.345            4000            4153            1059;
    40    0.354            4000            3753             946;
    41    0.363            4000            3398             836;
    42    0.372            4000            3078             741;
    43    0.381            4000            2771             664;
    44    0.390            4000            2484             604;
    45    0.398            4000            2247             550;
    46    0.407            4000            2071             500;
    47    0.416            4000            1941             460;
    48    0.425            4000            1842             435;
    49    0.434            4000            1776             424;
    50    0.443            4000            1752             422;
    51    0.452            4000            1777             425;
    52    0.460            4000            1845             438;
    53    0.469            4000            1946             463;
    54    0.478            4000            2082             500;
    55    0.487            4000            2259             546;
    56    0.496            4000            2478             600;
    57    0.505            4000            2732             664;
    58    0.514            4000            3015             737;
    59    0.522            4000            3333             818;
    60    0.531            4000            3688             906;
    61    0.540            4000            4050            1001;
    62    0.549            4000            4377            1100;
    63    0.558            4000            4661            1191;
    64    0.567            4000            4922            1264;
    65    0.576            4000            5161            1318;
    66    0.584            4000            5360            1360;
    67    0.593            4000            5505            1397;
    68    0.602            4000            5604            1426;
    69    0.611            4000            5674            1444;
    70    0.620            4000            5713            1450;
    71    0.629            4000            5709            1451;
    72    0.638            4000            5663            1442;
    73    0.646            4000            5589            1422;
    74    0.655            4000            5481            1392;
    75    0.664            4000            5330            1356;
    76    0.673            4000            5141            1311;
    77    0.682            4000            4917            1254;
    78    0.691            4000            4658            1188;
    79    0.699            4000            4362            1112;
    80    0.708            4000            4047            1028;
    81    0.717            4000            3749             942;
    82    0.726            4000            3491             861;
    83    0.735            4000            3268             793;
    84    0.744            4000            3067             743;
    85    0.753            4000            2890             707;
    86    0.761            4000            2753             679;
    87    0.770            4000            2667             654;
    88    0.779            4000            2623             637;
    89    0.788            4000            2608             632;
    90    0.797            4000            2621             638;
    91    0.806            4000            2676             654;
    92    0.815            4000            2772             677;
    93    0.823            4000            2902             708;
    94    0.832            4000            3061             749;
    95    0.841            4000            3255             799;
    96    0.850            4000            3488             856;
    97    0.859            4000            3755             923;
    98    0.868            4000            4024             998;
    99    0.877            4000            4268            1074;
   100    0.885            4000            4482            1142;
   101    0.894            4000            4670            1195;
   102    0.903            4000            4833            1231;
   103    0.912            4000            4951            1258;
   104    0.921            4000            5016            1277;
   105    0.930            4000            5039            1286;
   106    0.939            4000            5029            1282;
   107    0.947            4000            4975            1266;
   108    0.956            4000            4874            1243;
   109    0.965            4000            4733            1208;
   110    0.974            4000            4560            1162;
   111    0.983            4000            4352            1107;
   112    0.992            4000            4117            1046;
   113    1.001            4000            3885             980;
   114    1.009            4000            3678             917;
   115    1.018            4000            3511             863;
   116    1.027            4000            3376             823;
   117    1.036            4000            3268             798;
   118    1.045            4000            3194             785;
   119    1.054            4000            3166             780;
