 %Sample   Time     Commanded Pos   Encoder 1 Pos   Encoder 2 Pos   Control Effort

data = [    0    0.000               0               0               0          0.0000;
     1    0.022               0               0               0          0.0000;
     2    0.044               0               0               0          0.0000;
     3    0.066               0               0               0          0.0000;
     4    0.089               0               0               0          0.0000;
     5    0.111               0               0               0          0.0000;
     6    0.133               0               0               0          0.0000;
     7    0.155               0               0               0          0.0000;
     8    0.177               0               0               0          0.0000;
     9    0.199               0               0               0          0.0000;
    10    0.221               0               0               0          0.0000;
    11    0.243               0               0               0          0.0000;
    12    0.266               0               0               0          0.0000;
    13    0.288               0               0               0          0.0000;
    14    0.310               0               0               0          0.0000;
    15    0.332               0               0               0          0.0000;
    16    0.354               0               0               0          0.0000;
    17    0.376               0               0               0          0.0000;
    18    0.398               0               0               0          0.0000;
    19    0.421               0               0               0          0.0000;
    20    0.443               0               0               0          0.0000;
    21    0.465               0               0               0          0.0000;
    22    0.487               0               0               0          0.0000;
    23    0.509               0               0               0          0.0000;
    24    0.531               0               0               0          0.0006;
    25    0.553               0               0               0          0.0006;
    26    0.576               0               0               0          0.0006;
    27    0.598               0               0               0          0.0012;
    28    0.620               0               0               0          0.0012;
    29    0.642               0               0               0          0.0018;
    30    0.664               0               0               0          0.0018;
    31    0.686               0               0               0          0.0024;
    32    0.708               0               0               0          0.0031;
    33    0.730               0               0               0          0.0037;
    34    0.753               0               0               0          0.0043;
    35    0.775               1               0               0          0.0049;
    36    0.797               1               0               0          0.0061;
    37    0.819               1               0               0          0.0073;
    38    0.841               1               0               0          0.0085;
    39    0.863               1               0               0          0.0098;
    40    0.885               1               0               0          0.0116;
    41    0.908               1               0               0          0.0134;
    42    0.930               2               0               0          0.0153;
    43    0.952               2               0               0          0.0177;
    44    0.974               2               0               0          0.0201;
    45    0.996               2               0               0          0.0232;
    46    1.018               3               0               0          0.0263;
    47    1.040               3               0               0          0.0299;
    48    1.063               3               0               0          0.0336;
    49    1.085               4               0               0          0.0379;
    50    1.107               4               0               0          0.0427;
    51    1.129               5               0               0          0.0482;
    52    1.151               6               0               0          0.0537;
    53    1.173               6               0               0          0.0598;
    54    1.195               7               0               0          0.0672;
    55    1.217               8               0               0          0.0745;
    56    1.240               9               2               0          0.0830;
    57    1.262               9               2               0          0.0922;
    58    1.284              11               3               0          0.1020;
    59    1.306              12               6               0          0.1129;
    60    1.328              13              11               0          0.1245;
    61    1.350              14              18               3          0.1374;
    62    1.372              16              28               5          0.1508;
    63    1.395              17              42               9          0.1661;
    64    1.417              19              59              13          0.1819;
    65    1.439              20              81              19          0.1990;
    66    1.461              22             108              26          0.2167;
    67    1.483              24             140              34          0.2357;
    68    1.505              26             177              43          0.2552;
    69    1.527              28             220              54          0.2753;
    70    1.549              30             269              66          0.2961;
    71    1.572              33             323              80          0.3168;
    72    1.594              35             382              95          0.3376;
    73    1.616              37             447             112          0.3584;
    74    1.638              39             520             130          0.3785;
    75    1.660              41             602             151          0.3980;
    76    1.682              43             695             175          0.4170;
    77    1.704              45             802             201          0.4347;
    78    1.727              46             922             231          0.4512;
    79    1.749              48            1057             265          0.4652;
    80    1.771              49            1208             303          0.4780;
    81    1.793              50            1375             344          0.4878;
    82    1.815              51            1556             390          0.4951;
    83    1.837              51            1749             439          0.4994;
    84    1.859              51            1954             491          0.4994;
    85    1.882              51            2175             547          0.4963;
    86    1.904              50            2414             607          0.4884;
    87    1.926              49            2671             670          0.4750;
    88    1.948              47            2938             738          0.4567;
    89    1.970              44            3216             808          0.4322;
    90    1.992              41            3502             881          0.4017;
    91    2.014              37            3800             955          0.3645;
    92    2.036              33            4107            1030          0.3211;
    93    2.059              28            4414            1108          0.2735;
    94    2.081              22            4720            1186          0.2204;
    95    2.103              17            5027            1262          0.1642;
