% Sample   Time     Commanded Pos   Encoder 1 Pos 

data = [    0    0.000            1000               0;
     1    0.009            1000              23;
     2    0.018            1000              78;
     3    0.027            1000             160;
     4    0.035            1000             271;
     5    0.044            1000             420;
     6    0.053            1000             610;
     7    0.062            1000             834;
     8    0.071            1000            1066;
     9    0.080            1000            1288;
    10    0.089            1000            1488;
    11    0.097            1000            1657;
    12    0.106            1000            1797;
    13    0.115            1000            1898;
    14    0.124            1000            1949;
    15    0.133            1000            1957;
    16    0.142            1000            1927;
    17    0.151            1000            1857;
    18    0.159            1000            1743;
    19    0.168            1000            1590;
    20    0.177            1000            1406;
    21    0.186            1000            1189;
    22    0.195            1000             954;
    23    0.204            1000             724;
    24    0.213            1000             522;
    25    0.221            1000             360;
    26    0.230            1000             226;
    27    0.239            1000             118;
    28    0.248            1000              51;
    29    0.257            1000              30;
    30    0.266            1000              46;
    31    0.274            1000              93;
    32    0.283            1000             173;
    33    0.292            1000             292;
    34    0.301            1000             451;
    35    0.310            1000             646;
    36    0.319            1000             867;
    37    0.328            1000            1098;
    38    0.336            1000            1322;
    39    0.345            1000            1522;
    40    0.354            1000            1689;
    41    0.363            1000            1823;
    42    0.372            1000            1919;
    43    0.381            1000            1966;
    44    0.390            1000            1972;
    45    0.398            1000            1937;
    46    0.407            1000            1863;
    47    0.416            1000            1746;
    48    0.425            1000            1590;
    49    0.434            1000            1401;
    50    0.443            1000            1182;
    51    0.452            1000             944;
    52    0.460            1000             713;
    53    0.469            1000             510;
    54    0.478            1000             345;
    55    0.487            1000             210;
    56    0.496            1000             102;
    57    0.505            1000              35;
    58    0.514            1000              14;
    59    0.522            1000              29;
    60    0.531            1000              74;
    61    0.540            1000             152;
    62    0.549            1000             270;
    63    0.558            1000             428;
    64    0.567            1000             621;
    65    0.576            1000             843;
    66    0.584            1000            1077;
    67    0.593            1000            1305;
    68    0.602            1000            1512;
    69    0.611            1000            1686;
    70    0.620            1000            1827;
    71    0.629            1000            1929;
    72    0.638            1000            1984;
    73    0.646            1000            1996;
    74    0.655            1000            1968;
    75    0.664            1000            1900;
    76    0.673            1000            1790;
    77    0.682            1000            1640;
    78    0.691            1000            1456;
    79    0.699            1000            1240;
    80    0.708            1000            1001;
    81    0.717            1000             763;
    82    0.726            1000             550;
    83    0.735            1000             374;
    84    0.744            1000             230;
    85    0.753            1000             112;
    86    0.761            1000              31;
    87    0.770            1000              -2;
    88    0.779            1000               3;
    89    0.788            1000              38;
    90    0.797            1000             104;
    91    0.806            1000             209;
    92    0.815            1000             355;
    93    0.823            1000             536;
    94    0.832            1000             749;
    95    0.841            1000             984;
    96    0.850            1000            1220;
    97    0.859            1000            1438;
    98    0.868            1000            1626;
    99    0.877            1000            1781;
   100    0.885            1000            1903;
   101    0.894            1000            1979;
   102    0.903            1000            2007;
   103    0.912            1000            1996;
   104    0.921            1000            1946;
   105    0.930            1000            1854;
   106    0.939            1000            1720;
   107    0.947            1000            1550;
   108    0.956            1000            1348;
   109    0.965            1000            1116;
   110    0.974            1000             872;
   111    0.983            1000             643;
   112    0.992            1000             448;
   113    1.001            1000             290;
   114    1.009            1000             157;
   115    1.018            1000              55;
   116    1.027            1000              -3;
   117    1.036            1000             -17;
   118    1.045            1000               3;
   119    1.054            1000              52;
   120    1.063            1000             135;
   121    1.071            1000             259;
   122    1.080            1000             422;
   123    1.089            1000             618;
   124    1.098            1000             843;
   125    1.107            1000            1083;
   126    1.116            1000            1315;
   127    1.124            1000            1524;
   128    1.133            1000            1701;
   129    1.142            1000            1845;
   130    1.151            1000            1951;
   131    1.160            1000            2008;
   132    1.169            1000            2022;
   133    1.178            1000            1998;
   134    1.186            1000            1933;
   135    1.195            1000            1825;
   136    1.204            1000            1677;
   137    1.213            1000            1495;
   138    1.222            1000            1281;
   139    1.231            1000            1040;
   140    1.240            1000             796;
   141    1.248            1000             576;
   142    1.257            1000             391;
   143    1.266            1000             239;
   144    1.275            1000             112;
   145    1.284            1000              20;
   146    1.293            1000             -25;
   147    1.302            1000             -31;
   148    1.310            1000              -4;
   149    1.319            1000              51;
   150    1.328            1000             143;
   151    1.337            1000             276;
   152    1.346            1000             446;
   153    1.355            1000             648;
   154    1.364            1000             879;
   155    1.372            1000            1120;
   156    1.381            1000            1353;
   157    1.390            1000            1558;
