% Sample   Time     Commanded Pos   Encoder 1 Pos 

data = [    0    0.000            1000               0;
     1    0.009            1000              25;
     2    0.018            1000              87;
     3    0.027            1000             172;
     4    0.035            1000             281;
     5    0.044            1000             423;
     6    0.053            1000             606;
     7    0.062            1000             804;
     8    0.071            1000             989;
     9    0.080            1000            1158;
    10    0.089            1000            1299;
    11    0.097            1000            1408;
    12    0.106            1000            1483;
    13    0.115            1000            1513;
    14    0.124            1000            1503;
    15    0.133            1000            1460;
    16    0.142            1000            1381;
    17    0.151            1000            1270;
    18    0.159            1000            1143;
    19    0.168            1000            1015;
    20    0.177            1000             897;
    21    0.186            1000             802;
    22    0.195            1000             736;
    23    0.204            1000             703;
    24    0.213            1000             701;
    25    0.221            1000             732;
    26    0.230            1000             789;
    27    0.239            1000             864;
    28    0.248            1000             946;
    29    0.257            1000            1025;
    30    0.266            1000            1093;
    31    0.274            1000            1144;
    32    0.283            1000            1174;
    33    0.292            1000            1182;
    34    0.301            1000            1171;
    35    0.310            1000            1141;
    36    0.319            1000            1098;
    37    0.328            1000            1049;
    38    0.336            1000             998;
    39    0.345            1000             952;
    40    0.354            1000             916;
    41    0.363            1000             892;
    42    0.372            1000             882;
    43    0.381            1000             884;
    44    0.390            1000             900;
    45    0.398            1000             925;
    46    0.407            1000             955;
    47    0.416            1000             987;
    48    0.425            1000            1016;
    49    0.434            1000            1040;
    50    0.443            1000            1057;
    51    0.452            1000            1066;
    52    0.460            1000            1067;
    53    0.469            1000            1058;
    54    0.478            1000            1044;
    55    0.487            1000            1026;
    56    0.496            1000            1007;
    57    0.505            1000             988;
    58    0.514            1000             972;
    59    0.522            1000             961;
    60    0.531            1000             955;
    61    0.540            1000             953;
    62    0.549            1000             957;
    63    0.558            1000             965;
    64    0.567            1000             975;
    65    0.576            1000             987;
    66    0.584            1000             999;
    67    0.593            1000            1009;
    68    0.602            1000            1016;
    69    0.611            1000            1021;
    70    0.620            1000            1022;
    71    0.629            1000            1022;
    72    0.638            1000            1016;
    73    0.646            1000            1010;
    74    0.655            1000            1003;
    75    0.664            1000             996;
    76    0.673            1000             990;
    77    0.682            1000             986;
    78    0.691            1000             983;
    79    0.699            1000             981;
    80    0.708            1000             981;
    81    0.717            1000             984;
    82    0.726            1000             987;
    83    0.735            1000             991;
    84    0.744            1000             995;
    85    0.753            1000             999;
    86    0.761            1000            1002;
    87    0.770            1000            1004;
    88    0.779            1000            1005;
    89    0.788            1000            1005;
    90    0.797            1000            1005;
    91    0.806            1000            1003;
    92    0.815            1000            1001;
    93    0.823            1000             998;
    94    0.832            1000             996;
    95    0.841            1000             994;
    96    0.850            1000             993;
    97    0.859            1000             992;
    98    0.868            1000             991;
    99    0.877            1000             991;
   100    0.885            1000             993;
   101    0.894            1000             993;
   102    0.903            1000             995;
   103    0.912            1000             996;
   104    0.921            1000             997;
   105    0.930            1000             998;
   106    0.939            1000             999;
   107    0.947            1000             999;
   108    0.956            1000             999;
   109    0.965            1000             999;
   110    0.974            1000             999;
   111    0.983            1000             999;
   112    0.992            1000             998;
   113    1.001            1000             998;
   114    1.009            1000             998;
   115    1.018            1000             997;
   116    1.027            1000             996;
   117    1.036            1000             996;
   118    1.045            1000             996;
   119    1.054            1000             996;
   120    1.063            1000             996;
   121    1.071            1000             996;
   122    1.080            1000             996;
   123    1.089            1000             996;
   124    1.098            1000             996;
   125    1.107            1000             996;
   126    1.116            1000             996;
   127    1.124            1000             996;
   128    1.133            1000             996;
   129    1.142            1000             996;
   130    1.151            1000             996;
   131    1.160            1000             996;
   132    1.169            1000             996;
   133    1.178            1000             996;
   134    1.186            1000             996;
   135    1.195            1000             996;
   136    1.204            1000             996;
   137    1.213            1000             996;
   138    1.222            1000             996;
   139    1.231            1000             996;
   140    1.240            1000             996;
   141    1.248            1000             996;
   142    1.257            1000             996;
   143    1.266            1000             996;
   144    1.275            1000             996;
   145    1.284            1000             996;
   146    1.293            1000             996;
   147    1.302            1000             996;
   148    1.310            1000             996;
   149    1.319            1000             996;
   150    1.328            1000             996;
   151    1.337            1000             996;
   152    1.346            1000             996;
   153    1.355            1000             996;
   154    1.364            1000             996;
   155    1.372            1000             996;
   156    1.381            1000             996;
   157    1.390            1000             996;
